0.000000 0.000104 0.000415 0.000932 0.001655 0.002580 0.003706 0.005028 0.006544 0.008249 0.010137 0.012203 0.014441 0.016843 0.019402 0.022110 0.024958 0.027936 0.031034 0.034240 0.037544 0.040933 0.044395 0.047914 0.051479 0.055074 0.058683 0.062292 0.065885 0.069444 0.072954 0.076398 0.079759 0.083020 0.086164 0.089174 0.092035 0.094730 0.097244 0.099563 0.101672 0.103558 0.105210 0.106617 0.107768 0.108656 0.109274 0.109617 0.109679 0.109460 
0.000104 0.000208 0.000520 0.001038 0.001762 0.002689 0.003817 0.005143 0.006662 0.008370 0.010263 0.012333 0.014576 0.016984 0.019549 0.022264 0.025119 0.028104 0.031209 0.034424 0.037737 0.041135 0.044605 0.048135 0.051710 0.055315 0.058935 0.062555 0.066158 0.069729 0.073250 0.076706 0.080078 0.083350 0.086504 0.089526 0.092397 0.095102 0.097626 0.099953 0.102071 0.103965 0.105624 0.107037 0.108194 0.109087 0.109708 0.110053 0.110117 0.109898 
0.000415 0.000520 0.000833 0.001355 0.002084 0.003017 0.004152 0.005486 0.007015 0.008735 0.010640 0.012724 0.014982 0.017407 0.019990 0.022724 0.025600 0.028607 0.031736 0.034975 0.038314 0.041739 0.045237 0.048796 0.052401 0.056038 0.059690 0.063342 0.066979 0.070584 0.074139 0.077628 0.081034 0.084340 0.087528 0.090581 0.093484 0.096220 0.098772 0.101127 0.103270 0.105188 0.106868 0.108300 0.109473 0.110379 0.111011 0.111364 0.111432 0.111215 
0.000932 0.001038 0.001355 0.001882 0.002619 0.003562 0.004709 0.006057 0.007603 0.009341 0.011267 0.013375 0.015659 0.018111 0.020724 0.023491 0.026401 0.029445 0.032613 0.035893 0.039275 0.042745 0.046291 0.049899 0.053555 0.057243 0.060949 0.064656 0.068349 0.072010 0.075622 0.079168 0.082631 0.085993 0.089236 0.092344 0.095300 0.098086 0.100688 0.103088 0.105274 0.107231 0.108947 0.110411 0.111611 0.112540 0.113190 0.113555 0.113632 0.113417 
0.001655 0.001762 0.002084 0.002619 0.003365 0.004322 0.005487 0.006855 0.008424 0.010188 0.012144 0.014284 0.016604 0.019095 0.021751 0.024562 0.027521 0.030617 0.033839 0.037178 0.040620 0.044154 0.047767 0.051443 0.055170 0.058932 0.062714 0.066498 0.070269 0.074010 0.077702 0.081329 0.084872 0.088313 0.091635 0.094820 0.097850 0.100709 0.103379 0.105845 0.108091 0.110104 0.111871 0.113379 0.114618 0.115579 0.116255 0.116638 0.116726 0.116515 
0.002580 0.002689 0.003017 0.003562 0.004322 0.005297 0.006483 0.007877 0.009476 0.011274 0.013267 0.015450 0.017816 0.020358 0.023068 0.025938 0.028959 0.032122 0.035415 0.038828 0.042349 0.045966 0.049664 0.053430 0.057249 0.061107 0.064986 0.068870 0.072743 0.076587 0.080383 0.084115 0.087762 0.091307 0.094732 0.098017 0.101144 0.104097 0.106857 0.109407 0.111733 0.113819 0.115652 0.117218 0.118508 0.119511 0.120219 0.120627 0.120729 0.120523 
0.003706 0.003817 0.004152 0.004709 0.005487 0.006483 0.007696 0.009121 0.010756 0.012596 0.014636 0.016870 0.019293 0.021896 0.024673 0.027615 0.030714 0.033958 0.037339 0.040844 0.044462 0.048180 0.051984 0.055860 0.059793 0.063768 0.067768 0.071776 0.075775 0.079746 0.083672 0.087533 0.091310 0.094983 0.098535 0.101944 0.105193 0.108262 0.111133 0.113789 0.116214 0.118391 0.120306 0.121945 0.123298 0.124354 0.125104 0.125541 0.125661 0.125461 
0.005028 0.005143 0.005486 0.006057 0.006855 0.007877 0.009121 0.010584 0.012263 0.014152 0.016247 0.018542 0.021032 0.023709 0.026565 0.029593 0.032783 0.036125 0.039609 0.043224 0.046957 0.050795 0.054726 0.058733 0.062803 0.066918 0.071063 0.075219 0.079369 0.083493 0.087574 0.091590 0.095523 0.099351 0.103055 0.106615 0.110009 0.113219 0.116225 0.119009 0.121553 0.123840 0.125854 0.127582 0.129012 0.130131 0.130931 0.131404 0.131546 0.131353 
0.006544 0.006662 0.007015 0.007603 0.008424 0.009476 0.010756 0.012263 0.013991 0.015937 0.018096 0.020463 0.023030 0.025792 0.028740 0.031867 0.035164 0.038619 0.042224 0.045966 0.049833 0.053813 0.057890 0.062051 0.066280 0.070560 0.074873 0.079203 0.083530 0.087835 0.092097 0.096296 0.100412 0.104423 0.108307 0.112043 0.115610 0.118986 0.122152 0.125087 0.127772 0.130189 0.132322 0.134155 0.135675 0.136870 0.137729 0.138246 0.138413 0.138229 
0.008249 0.008370 0.008735 0.009341 0.010188 0.011274 0.012596 0.014152 0.015937 0.017948 0.020180 0.022627 0.025283 0.028142 0.031196 0.034436 0.037853 0.041439 0.045181 0.049069 0.053090 0.057231 0.061478 0.065815 0.070226 0.074695 0.079204 0.083734 0.088265 0.092777 0.097250 0.101662 0.105990 0.110212 0.114305 0.118247 0.122014 0.125585 0.128937 0.132048 0.134898 0.137468 0.139739 0.141695 0.143321 0.144604 0.145533 0.146100 0.146298 0.146124 
0.010137 0.010263 0.010640 0.011267 0.012144 0.013267 0.014636 0.016247 0.018096 0.020180 0.022493 0.025031 0.027787 0.030755 0.033927 0.037294 0.040849 0.044580 0.048478 0.052531 0.056726 0.061050 0.065487 0.070024 0.074643 0.079327 0.084058 0.088816 0.093580 0.098330 0.103043 0.107698 0.112269 0.116734 0.121068 0.125246 0.129245 0.133039 0.136605 0.139920 0.142961 0.145708 0.148139 0.150237 0.151987 0.153373 0.154383 0.155008 0.155242 0.155080 
0.012203 0.012333 0.012724 0.013375 0.014284 0.015450 0.016870 0.018542 0.020463 0.022627 0.025031 0.027670 0.030537 0.033625 0.036929 0.040438 0.044146 0.048040 0.052112 0.056349 0.060738 0.065267 0.069920 0.074681 0.079533 0.084460 0.089440 0.094455 0.099483 0.104502 0.109488 0.114418 0.119266 0.124007 0.128615 0.133063 0.137326 0.141376 0.145189 0.148737 0.151998 0.154947 0.157562 0.159825 0.161716 0.163220 0.164324 0.165017 0.165292 0.165143 
0.014441 0.014576 0.014982 0.015659 0.016604 0.017816 0.019293 0.021032 0.023030 0.025283 0.027787 0.030537 0.033526 0.036748 0.040197 0.043863 0.047739 0.051815 0.056079 0.060520 0.065125 0.069882 0.074773 0.079784 0.084898 0.090095 0.095355 0.100659 0.105982 0.111303 0.116597 0.121837 0.126998 0.132051 0.136970 0.141725 0.146287 0.150629 0.154721 0.158536 0.162047 0.165228 0.168055 0.170505 0.172559 0.174199 0.175411 0.176181 0.176503 0.176370 
0.016843 0.016984 0.017407 0.018111 0.019095 0.020358 0.021896 0.023709 0.025792 0.028142 0.030755 0.033625 0.036748 0.040117 0.043724 0.047563 0.051624 0.055898 0.060374 0.065040 0.069884 0.074891 0.080047 0.085335 0.090738 0.096235 0.101807 0.107432 0.113086 0.118745 0.124382 0.129971 0.135483 0.140888 0.146157 0.151258 0.156160 0.160832 0.165242 0.169360 0.173156 0.176601 0.179669 0.182334 0.184574 0.186369 0.187703 0.188563 0.188938 0.188823 
0.019402 0.019549 0.019990 0.020724 0.021751 0.023068 0.024673 0.026565 0.028740 0.031196 0.033927 0.036929 0.040197 0.043724 0.047505 0.051531 0.055794 0.060285 0.064992 0.069905 0.075010 0.080294 0.085740 0.091334 0.097055 0.102885 0.108801 0.114783 0.120804 0.126838 0.132859 0.138838 0.144743 0.150542 0.156204 0.161695 0.166980 0.172025 0.176795 0.181256 0.185376 0.189121 0.192463 0.195373 0.197825 0.199798 0.201272 0.202233 0.202670 0.202576 
0.022110 0.022264 0.022724 0.023491 0.024562 0.025938 0.027615 0.029593 0.031867 0.034436 0.037294 0.040438 0.043863 0.047563 0.051531 0.055761 0.060243 0.064969 0.069928 0.075109 0.080500 0.086085 0.091850 0.097778 0.103849 0.110045 0.116342 0.122717 0.129144 0.135596 0.142043 0.148455 0.154799 0.161040 0.167143 0.173071 0.178787 0.184253 0.189429 0.194279 0.198765 0.202852 0.206505 0.209693 0.212387 0.214562 0.216197 0.217274 0.217781 0.217710 
0.024958 0.025119 0.025600 0.026401 0.027521 0.028959 0.030714 0.032783 0.035164 0.037853 0.040849 0.044146 0.047739 0.051624 0.055794 0.060243 0.064962 0.069943 0.075175 0.080647 0.086347 0.092261 0.098373 0.104666 0.111121 0.117717 0.124432 0.131241 0.138116 0.145030 0.151950 0.158844 0.165676 0.172410 0.179006 0.185425 0.191625 0.197564 0.203199 0.208488 0.213390 0.217864 0.221871 0.225376 0.228345 0.230751 0.232569 0.233779 0.234366 0.234322 
0.027936 0.028104 0.028607 0.029445 0.030617 0.032122 0.033958 0.036125 0.038619 0.041439 0.044580 0.048040 0.051815 0.055898 0.060285 0.064969 0.069943 0.075198 0.080724 0.086511 0.092547 0.098817 0.105306 0.111996 0.118870 0.125904 0.133077 0.140362 0.147731 0.155153 0.162596 0.170025 0.177400 0.184683 0.191830 0.198798 0.205542 0.212013 0.218166 0.223952 0.229324 0.234236 0.238646 0.242512 0.245796 0.248465 0.250492 0.251853 0.252532 0.252519 
0.031034 0.031209 0.031736 0.032613 0.033839 0.035415 0.037339 0.039609 0.042224 0.045181 0.048478 0.052112 0.056079 0.060374 0.064992 0.069928 0.075175 0.080724 0.086567 0.092693 0.099090 0.105745 0.112642 0.119764 0.127093 0.134605 0.142278 0.150085 0.157996 0.165979 0.173999 0.182019 0.189998 0.197891 0.205654 0.213237 0.220590 0.227661 0.234397 0.240744 0.246649 0.252061 0.256928 0.261205 0.264848 0.267819 0.270084 0.271619 0.272403 0.272426 
0.034240 0.034424 0.034975 0.035893 0.037178 0.038828 0.040844 0.043224 0.045966 0.049069 0.052531 0.056349 0.060520 0.065040 0.069905 0.075109 0.080647 0.086511 0.092693 0.099182 0.105968 0.113038 0.120376 0.127965 0.135787 0.143820 0.152038 0.160415 0.168920 0.177519 0.186176 0.194850 0.203497 0.212070 0.220519 0.228790 0.236827 0.244573 0.251967 0.258949 0.265459 0.271437 0.276827 0.281573 0.285626 0.288942 0.291482 0.293216 0.294121 0.294184 
0.037544 0.037737 0.038314 0.039275 0.040620 0.042349 0.044462 0.046957 0.049833 0.053090 0.056726 0.060738 0.065125 0.069884 0.075010 0.080500 0.086347 0.092547 0.099090 0.105968 0.113171 0.120686 0.128499 0.136593 0.144948 0.153545 0.162356 0.171355 0.180511 0.189786 0.199144 0.208540 0.217928 0.227257 0.236471 0.245512 0.254317 0.262822 0.270959 0.278661 0.285857 0.292481 0.298466 0.303749 0.308272 0.311984 0.314839 0.316803 0.317847 0.317956 
0.040933 0.041135 0.041739 0.042745 0.044154 0.045966 0.048180 0.050795 0.053813 0.057231 0.061050 0.065267 0.069882 0.074891 0.080294 0.086085 0.092261 0.098817 0.105745 0.113038 0.120686 0.128678 0.137000 0.145637 0.154570 0.163776 0.173232 0.182909 0.192774 0.202792 0.212920 0.223113 0.233322 0.243490 0.253557 0.263459 0.273126 0.282487 0.291465 0.299982 0.307960 0.315320 0.321986 0.327885 0.332949 0.337117 0.340335 0.342563 0.343768 0.343932 
0.044395 0.044605 0.045237 0.046291 0.047767 0.049664 0.051984 0.054726 0.057890 0.061478 0.065487 0.069920 0.074773 0.080047 0.085740 0.091850 0.098373 0.105306 0.112642 0.120376 0.128499 0.137000 0.145869 0.155088 0.164641 0.174507 0.184661 0.195075 0.205715 0.216544 0.227519 0.238591 0.249708 0.260808 0.271827 0.282693 0.293329 0.303655 0.313584 0.323029 0.331897 0.340100 0.347547 0.354154 0.359841 0.364535 0.368175 0.370709 0.372101 0.372327 
0.047914 0.048135 0.048796 0.049899 0.051443 0.053430 0.055860 0.058733 0.062051 0.065815 0.070024 0.074681 0.079784 0.085335 0.091334 0.097778 0.104666 0.111996 0.119764 0.127965 0.136593 0.145637 0.155088 0.164932 0.175152 0.185729 0.196638 0.207851 0.219335 0.231051 0.242955 0.254996 0.267116 0.279252 0.291333 0.303279 0.315005 0.326421 0.337429 0.347928 0.357815 0.366983 0.375330 0.382754 0.389161 0.394466 0.398595 0.401486 0.403095 0.403393 
0.051479 0.051710 0.052401 0.053555 0.055170 0.057249 0.059793 0.062803 0.066280 0.070226 0.074643 0.079533 0.084898 0.090738 0.097055 0.103849 0.111121 0.118870 0.127093 0.135787 0.144948 0.154570 0.164641 0.175152 0.186088 0.197429 0.209152 0.221231 0.233632 0.246317 0.259239 0.272346 0.285577 0.298864 0.312128 0.325284 0.338238 0.350887 0.363120 0.374823 0.385875 0.396155 0.405539 0.413910 0.421155 0.427171 0.431870 0.435178 0.437041 0.437425 
0.055074 0.055315 0.056038 0.057243 0.058932 0.061107 0.063768 0.066918 0.070560 0.074695 0.079327 0.084460 0.090095 0.096235 0.102885 0.110045 0.117717 0.125904 0.134605 0.143820 0.153545 0.163776 0.174507 0.185729 0.197429 0.209589 0.222190 0.235205 0.248602 0.262343 0.276380 0.290660 0.305118 0.319682 0.334268 0.348781 0.363118 0.377163 0.390791 0.403871 0.416262 0.427824 0.438411 0.447882 0.456104 0.462953 0.468321 0.472119 0.474281 0.474766 
0.058683 0.058935 0.059690 0.060949 0.062714 0.064986 0.067768 0.071063 0.074873 0.079204 0.084058 0.089440 0.095355 0.101807 0.108801 0.116342 0.124432 0.133077 0.142278 0.152038 0.162356 0.173232 0.184661 0.196638 0.209152 0.222190 0.235734 0.249759 0.264235 0.279124 0.294381 0.309949 0.325763 0.341745 0.357805 0.373842 0.389739 0.405367 0.420587 0.435245 0.449180 0.462226 0.474212 0.484969 0.494337 0.502166 0.508323 0.512701 0.515217 0.515820 
0.062292 0.062555 0.063342 0.064656 0.066498 0.068870 0.071776 0.075219 0.079203 0.083734 0.088816 0.094455 0.100659 0.107432 0.114783 0.122717 0.131241 0.140362 0.150085 0.160415 0.171355 0.182909 0.195075 0.207851 0.221231 0.235205 0.249759 0.264870 0.280513 0.296651 0.313238 0.330221 0.347531 0.365087 0.382793 0.400540 0.418199 0.435627 0.452664 0.469137 0.484857 0.499629 0.513249 0.525516 0.536235 0.545223 0.552318 0.557384 0.560322 0.561068 
0.065885 0.066158 0.066979 0.068349 0.070269 0.072743 0.075775 0.079369 0.083530 0.088265 0.093580 0.099483 0.105982 0.113086 0.120804 0.129144 0.138116 0.147731 0.157996 0.168920 0.180511 0.192774 0.205715 0.219335 0.233632 0.248602 0.264235 0.280513 0.297413 0.314904 0.332943 0.351476 0.370435 0.389736 0.409280 0.428947 0.448598 0.468074 0.487194 0.505758 0.523549 0.540335 0.555874 0.569923 0.582244 0.592613 0.600827 0.606720 0.610164 0.611080 
0.069444 0.069729 0.070584 0.072010 0.074010 0.076587 0.079746 0.083493 0.087835 0.092777 0.098330 0.104502 0.111303 0.118745 0.126838 0.135596 0.145030 0.155153 0.165979 0.177519 0.189786 0.202792 0.216544 0.231051 0.246317 0.262343 0.279124 0.296651 0.314904 0.333859 0.353476 0.373705 0.394479 0.415714 0.437307 0.459132 0.481036 0.502845 0.524356 0.545338 0.565540 0.584687 0.602490 0.618655 0.632888 0.644912 0.654475 0.661365 0.665422 0.666545 
0.072954 0.073250 0.074139 0.075622 0.077702 0.080383 0.083672 0.087574 0.092097 0.097250 0.103043 0.109488 0.116597 0.124382 0.132859 0.142043 0.151950 0.162596 0.173999 0.186176 0.199144 0.212920 0.227519 0.242955 0.259239 0.276380 0.294381 0.313238 0.332943 0.353476 0.374805 0.396886 0.419655 0.443031 0.466909 0.491156 0.515612 0.540082 0.564342 0.588127 0.611146 0.633073 0.653562 0.672253 0.688785 0.702809 0.714009 0.722115 0.726920 0.728296 
0.076398 0.076706 0.077628 0.079168 0.081329 0.084115 0.087533 0.091590 0.096296 0.101662 0.107698 0.114418 0.121837 0.129971 0.138838 0.148455 0.158844 0.170025 0.182019 0.194850 0.208540 0.223113 0.238591 0.254996 0.272346 0.290660 0.309949 0.330221 0.351476 0.373705 0.396886 0.420982 0.445939 0.471680 0.498101 0.525069 0.552412 0.579923 0.607349 0.634393 0.660715 0.685931 0.709624 0.731352 0.750667 0.767129 0.780335 0.789936 0.795664 0.797353 
0.079759 0.080078 0.081034 0.082631 0.084872 0.087762 0.091310 0.095523 0.100412 0.105990 0.112269 0.119266 0.126998 0.135483 0.144743 0.154799 0.165676 0.177400 0.189998 0.203497 0.217928 0.233322 0.249708 0.267116 0.285577 0.305118 0.325763 0.347531 0.370435 0.394479 0.419655 0.445939 0.473289 0.501636 0.530885 0.560903 0.591515 0.622499 0.653578 0.684420 0.714629 0.743753 0.771290 0.796696 0.819409 0.838869 0.854556 0.866016 0.872897 0.874976 
0.083020 0.083350 0.084340 0.085993 0.088313 0.091307 0.094983 0.099351 0.104423 0.110212 0.116734 0.124007 0.132051 0.140888 0.150542 0.161040 0.172410 0.184683 0.197891 0.212070 0.227257 0.243490 0.260808 0.279252 0.298864 0.319682 0.341745 0.365087 0.389736 0.415714 0.443031 0.471680 0.501636 0.532848 0.565233 0.598665 0.632972 0.667925 0.703224 0.738500 0.773299 0.807092 0.839269 0.869160 0.896056 0.919241 0.938034 0.951833 0.960170 0.962743 
0.086164 0.086504 0.087528 0.089236 0.091635 0.094732 0.098535 0.103055 0.108307 0.114305 0.121068 0.128615 0.136970 0.146157 0.156204 0.167143 0.179006 0.191830 0.205654 0.220519 0.236471 0.253557 0.271827 0.291333 0.312128 0.334268 0.357805 0.382793 0.409280 0.437307 0.466909 0.498101 0.530885 0.565233 0.601082 0.638327 0.676805 0.716288 0.756464 0.796926 0.837164 0.876555 0.914368 0.949773 0.981871 1.009733 1.032459 1.049242 1.059444 1.062652 
0.089174 0.089526 0.090581 0.092344 0.094820 0.098017 0.101944 0.106615 0.112043 0.118247 0.125246 0.133063 0.141725 0.151258 0.161695 0.173071 0.185425 0.198798 0.213237 0.228790 0.245512 0.263459 0.282693 0.303279 0.325284 0.348781 0.373842 0.400540 0.428947 0.459132 0.491156 0.525069 0.560903 0.598665 0.638327 0.679813 0.722988 0.767635 0.813442 0.859977 0.906672 0.952809 0.997509 1.039748 1.078378 1.112184 1.139960 1.160606 1.173237 1.177274 
0.092035 0.092397 0.093484 0.095300 0.097850 0.101144 0.105193 0.110009 0.115610 0.122014 0.129245 0.137326 0.146287 0.156160 0.166980 0.178787 0.191625 0.205542 0.220590 0.236827 0.254317 0.273126 0.293329 0.315005 0.338238 0.363118 0.389739 0.418199 0.448598 0.481036 0.515612 0.552412 0.591515 0.632972 0.676805 0.722988 0.771427 0.821943 0.874243 0.927888 0.982266 1.036560 1.089729 1.140507 1.187427 1.228887 1.263247 1.288980 1.304831 1.309971 
0.094730 0.095102 0.096220 0.098086 0.100709 0.104097 0.108262 0.113219 0.118986 0.125585 0.133039 0.141376 0.150629 0.160832 0.172025 0.184253 0.197564 0.212013 0.227661 0.244573 0.262822 0.282487 0.303655 0.326421 0.350887 0.377163 0.405367 0.435627 0.468074 0.502845 0.540082 0.579923 0.622499 0.667925 0.716288 0.767635 0.821943 0.879100 0.938863 1.000822 1.064344 1.128530 1.192167 1.253705 1.311269 1.362723 1.405815 1.438377 1.458589 1.465229 
0.097244 0.097626 0.098772 0.100688 0.103379 0.106857 0.111133 0.116225 0.122152 0.128937 0.136605 0.145189 0.154721 0.165242 0.176795 0.189429 0.203199 0.218166 0.234397 0.251967 0.270959 0.291465 0.313584 0.337429 0.363120 0.390791 0.420587 0.452664 0.487194 0.524356 0.564342 0.607349 0.653578 0.703224 0.756464 0.813442 0.874243 0.938863 1.007163 1.078808 1.153203 1.229405 1.306042 1.381247 1.452632 1.517343 1.572234 1.614168 1.640430 1.649165 
0.099563 0.099953 0.101127 0.103088 0.105845 0.109407 0.113789 0.119009 0.125087 0.132048 0.139920 0.148737 0.158536 0.169360 0.181256 0.194279 0.208488 0.223952 0.240744 0.258949 0.278661 0.299982 0.323029 0.347928 0.374823 0.403871 0.435245 0.469137 0.505758 0.545338 0.588127 0.634393 0.684420 0.738500 0.796926 0.859977 0.927888 1.000822 1.078808 1.161677 1.248954 1.339742 1.432573 1.525262 1.614808 1.697394 1.768571 1.823696 1.858596 1.870342 
0.101672 0.102071 0.103270 0.105274 0.108091 0.111733 0.116214 0.121553 0.127772 0.134898 0.142961 0.151998 0.162047 0.173156 0.185376 0.198765 0.213390 0.229324 0.246649 0.265459 0.285857 0.307960 0.331897 0.357815 0.385875 0.416262 0.449180 0.484857 0.523549 0.565540 0.611146 0.660715 0.714629 0.773299 0.837164 0.906672 0.982266 1.064344 1.153203 1.248954 1.351394 1.459829 1.572839 1.688016 1.801693 1.908800 2.002996 2.077242 2.124896 2.141132 
0.103558 0.103965 0.105188 0.107231 0.110104 0.113819 0.118391 0.123840 0.130189 0.137468 0.145708 0.154947 0.165228 0.176601 0.189121 0.202852 0.217864 0.234236 0.252061 0.271437 0.292481 0.315320 0.340100 0.366983 0.396155 0.427824 0.462226 0.499629 0.540335 0.584687 0.633073 0.685931 0.743753 0.807092 0.876555 0.952809 1.036560 1.128530 1.229405 1.339742 1.459829 1.589443 1.727521 1.871692 2.017734 2.159078 2.286667 2.389592 2.456861 2.480096 
0.105210 0.105624 0.106868 0.108947 0.111871 0.115652 0.120306 0.125854 0.132322 0.139739 0.148139 0.157562 0.168055 0.179669 0.192463 0.206505 0.221871 0.238646 0.256928 0.276827 0.298466 0.321986 0.347547 0.375330 0.405539 0.438411 0.474212 0.513249 0.555874 0.602490 0.653562 0.709624 0.771290 0.839269 0.914368 0.997509 1.089729 1.192167 1.306042 1.432573 1.572839 1.727521 1.896449 2.077905 2.267617 2.457553 2.634971 2.782667 2.881635 2.916397 
0.106617 0.107037 0.108300 0.110411 0.113379 0.117218 0.121945 0.127582 0.134155 0.141695 0.150237 0.159825 0.170505 0.182334 0.195373 0.209693 0.225376 0.242512 0.261205 0.281573 0.303749 0.327885 0.354154 0.382754 0.413910 0.447882 0.484969 0.525516 0.569923 0.618655 0.672253 0.731352 0.796696 0.869160 0.949773 1.039748 1.140507 1.253705 1.381247 1.525262 1.688016 1.871692 2.077905 2.306787 2.555377 2.815162 3.069127 3.290040 3.443502 3.498646 
0.107768 0.108194 0.109473 0.111611 0.114618 0.118508 0.123298 0.129012 0.135675 0.143321 0.151987 0.161716 0.172559 0.184574 0.197825 0.212387 0.228345 0.245796 0.264848 0.285626 0.308272 0.332949 0.359841 0.389161 0.421155 0.456104 0.494337 0.536235 0.582244 0.632888 0.688785 0.750667 0.819409 0.896056 0.981871 1.078378 1.187427 1.311269 1.452632 1.614808 1.801693 2.017734 2.267617 2.555377 2.882333 3.242914 3.617629 3.964816 4.219601 4.314341 
0.108656 0.109087 0.110379 0.112540 0.115579 0.119511 0.124354 0.130131 0.136870 0.144604 0.153373 0.163220 0.174199 0.186369 0.199798 0.214562 0.230751 0.248465 0.267819 0.288942 0.311984 0.337117 0.364535 0.394466 0.427171 0.462953 0.502166 0.545223 0.592613 0.644912 0.702809 0.767129 0.838869 0.919241 1.009733 1.112184 1.228887 1.362723 1.517343 1.697394 1.908800 2.159078 2.457553 2.815162 3.242914 3.746830 4.315056 4.892789 5.356020 5.538482 
0.109274 0.109708 0.111011 0.113190 0.116255 0.120219 0.125104 0.130931 0.137729 0.145533 0.154383 0.164324 0.175411 0.187703 0.201272 0.216197 0.232569 0.250492 0.270084 0.291482 0.314839 0.340335 0.368175 0.398595 0.431870 0.468321 0.508323 0.552318 0.600827 0.654475 0.714009 0.780335 0.854556 0.938034 1.032459 1.139960 1.263247 1.405815 1.572234 1.768571 2.002996 2.286667 2.634971 3.069127 3.617629 4.315056 5.189016 6.208753 7.160730 7.579401 
0.109617 0.110053 0.111364 0.113555 0.116638 0.120627 0.125541 0.131404 0.138246 0.146100 0.155008 0.165017 0.176181 0.188563 0.202233 0.217274 0.233779 0.251853 0.271619 0.293216 0.316803 0.342563 0.370709 0.401486 0.435178 0.472119 0.512701 0.557384 0.606720 0.661365 0.722115 0.789936 0.866016 0.951833 1.049242 1.160606 1.288980 1.438377 1.614168 1.823696 2.077242 2.389592 2.782667 3.290040 3.964816 4.892789 6.208753 8.075097 10.369247 11.662098 
0.109679 0.110117 0.111432 0.113632 0.116726 0.120729 0.125661 0.131546 0.138413 0.146298 0.155242 0.165292 0.176503 0.188938 0.202670 0.217781 0.234366 0.252532 0.272403 0.294121 0.317847 0.343768 0.372101 0.403095 0.437041 0.474281 0.515217 0.560322 0.610164 0.665422 0.726920 0.795664 0.872897 0.960170 1.059444 1.173237 1.304831 1.458589 1.640430 1.858596 2.124896 2.456861 2.881635 3.443502 4.219601 5.356020 7.160730 10.369247 16.736104 23.911572 
0.109460 0.109898 0.111215 0.113417 0.116515 0.120523 0.125461 0.131353 0.138229 0.146124 0.155080 0.165143 0.176370 0.188823 0.202576 0.217710 0.234322 0.252519 0.272426 0.294184 0.317956 0.343932 0.372327 0.403393 0.437425 0.474766 0.515820 0.561068 0.611080 0.666545 0.728296 0.797353 0.874976 0.962743 1.062652 1.177274 1.309971 1.465229 1.649165 1.870342 2.141132 2.480096 2.916397 3.498646 4.314341 5.538482 7.579401 11.662098 23.911572 100000000000000000000.000000 
